VIII

(38848, 8: 85, 88 44441 ,9 4, 44 9, 99 144449, 48: 88, 44
(194448, 74 54, 24 Esther 2, 12 18: 20, 25 Luo 1, 8: 21, 24

· (94449, 994 94, 4 99 1081,1:18,18 108 4,9; 4, 44
Gen48, 8 4:88, 85 1081,1;85,4 108 4, 5: 88,8

Gen 48, 5 8: 94, 9 149 99, 99944 44, 44 144 9, 444 44, 49
‘oen 48, 1: 81, 88 105 88, 9494, 15 88 1, 14: 94, 4

(944 49, 94 94, 99 Psalm 49, 94 4, 9 nom 18, 88: 4, 44
8011 48, 94 99, 9 1444144444 88, 85 Epn 4, 94 88, 18

· Gen 49, 10: 88, 30 Ρ491444 65, 114 62,4 Potr 44 2, 54 38, 20
Gen 48, 11: 88, 13 Ρ491114 68, 18: 88, 10 119194 7, ³: 84, 18
Gen 49, 134 69, 1 Ρ49149 72, 104 16,6 1194311 eol 6,910; 1, 22
(194448, 14 15: 88, 27 Ρ991444 82, 14 11, 26 11943399433117415,27
944 49, 44 18: 99, 44 Psalm 99, 99 944 499 9443934943 4 4494 49,
8011 48, 18: 88, 88 Psalm 494, 8o: 4, 15 18

Gen 48, 214 70, 11 Psnlm 110, 44 24, 25 11943113994341 1764 3,9
Gen 48,88-88: 70, 25 Ρ491444 110, 74 41, 23 11931199ῃοί419 4164174
(944 48, 944 44, 18 Pssnn 499, 444 99, 99 44, 99

9499 4, 944 99, 9 psalm 449, 94 81, 85 1144444949 18, 11 18:
Exod 2, 84 37, 28 11991 1, 74 13, 13 1, 18

Exod 18, 184 25, 26 1491 7, 1: 35, 18 Iosephus 93939491 a 6,
Exod 32, 64 31, 13 14917, 144 37, 9 l: 15,4

Dent 2, 224 56, 12 1491 7, 144 38, 2 Iosephus αρχ44494 44 20,
nent 49, 994 99, 99 144188. 8: 81, 81 8:51, 81

Iosne 13, 244 70, 8 199151, 174 62, 10 Iosephus αρχαιολ ιβ 24
194449 19, 1: 67, 26 0499 4, 144 ,12,4 2, 30 “

ludio 17, 54 50, 18 14419144, 8: 55, 25 Quintilianus: 48, 20
Beg 44 9, 44 22,6 194494 1, 54 5, 26 Quintilianus: l, 21
ngy 17, 7441, 24 Ambso 3, 1745818 ’1944911199 oontrs Prs-
Regy 18, 384 8, 21 11914141, 14 36, 23 neum 5: 3, 20

1493 54, 274 37, 19 Μ91614 4, 154 70, 23 Hilarius in expositione
Paral a 8, 44 58, 14 444444 4, 444 99, 94 psalmi 8: 9, 94
.Ρ949194,42467, 28 Μ910411,25445, 11, 8:8,18

94444 α 4, 444 499 444449 49, 994 99, 49 8:4,18

1281418 9, 44 99, 99 444449 44, 944 4,' 81 4494, 88.

 

